﻿0.002668082	0.002668082	0.002668082	0.017835649	0.017835649	0.017835649	0.015167657	0.015167657	0.015167657
0.004886423	0.004886423	0.004886423	0.035349611	0.035349611	0.035349611	0.030463395	0.030463395	0.030463395
0.00501171	0.00501171	0.00501171	0.036338312	0.036338312	0.036338312	0.031326868	0.031326868	0.031326868
0.004775911	0.004775911	0.004775911	0.036094147	0.036094147	0.036094147	0.031318363	0.031318363	0.031318363
0.005090353	0.005090353	0.005090353	0.039535428	0.039535428	0.039535428	0.034445144	0.034445144	0.034445144
0.004540105	0.004540105	0.004540105	0.035809537	0.035809537	0.035809537	0.031269479	0.031269479	0.031269479
0.003943784	0.003943784	0.003943784	0.030697673	0.030697673	0.030697673	0.026858469	0.026858469	0.026858469
0.003493359	0.003493359	0.003493359	0.026869125	0.026869125	0.026869125	0.02355241	0.02355241	0.02355241
0.003139832	0.003139832	0.003139832	0.023896044	0.023896044	0.023896044	0.020982515	0.020982515	0.020982515
0.002853839	0.002853839	0.002853839	0.021521683	0.021521683	0.021521683	0.018927511	0.018927511	0.018927511
0.002616714	0.002616714	0.002616714	0.01958262	0.01958262	0.01958262	0.017246599	0.017246599	0.017246599
0.002416045	0.002416045	0.002416045	0.01796988	0.01796988	0.01796988	0.015845914	0.015845914	0.015845914
0.002243262	0.002243262	0.002243262	0.016607984	0.016607984	0.016607984	0.014660462	0.014660462	0.014660462
0.002092275	0.002092275	0.002092275	0.015443001	0.015443001	0.015443001	0.013643837	0.013643837	0.013643837
0.001958638	0.001958638	0.001958638	0.014435353	0.014435353	0.014435353	0.012761981	0.012761981	0.012761981
0.00183904	0.00183904	0.00183904	0.013555343	0.013555343	0.013555343	0.011989362	0.011989362	0.011989362
0.001730984	0.001730984	0.001730984	0.012780245	0.012780245	0.012780245	0.011306492	0.011306492	0.011306492
0.001637086	0.001637086	0.001637086	0.012092375	0.012092375	0.012092375	0.010698228	0.010698228	0.010698228
0.001555311	0.001555311	0.001555311	0.011477754	0.011477754	0.011477754	0.010152602	0.010152602	0.010152602
0.001483808	0.001483808	0.001483808	0.010925198	0.010925198	0.010925198	0.009660064	0.009660064	0.009660064
0.001421046	0.001421046	0.001421046	0.010425642	0.010425642	0.010425642	0.009212875	0.009212875	0.009212875
0.001365758	0.001365758	0.001365758	0.00997167	0.00997167	0.00997167	0.008804716	0.008804716	0.008804716
0.001316884	0.001316884	0.001316884	0.009557152	0.009557152	0.009557152	0.008430412	0.008430412	0.008430412
0.001273527	0.001273527	0.001273527	0.009176982	0.009176982	0.009176982	0.008085663	0.008085663	0.008085663
0.001234921	0.001234921	0.001234921	0.008826871	0.008826871	0.008826871	0.007766862	0.007766862	0.007766862
0.00120041	0.00120041	0.00120041	0.008503194	0.008503194	0.008503194	0.00747097	0.00747097	0.00747097
0.001169409	0.001169409	0.001169409	0.008202866	0.008202866	0.008202866	0.007195415	0.007195415	0.007195415
0.001141411	0.001141411	0.001141411	0.007923249	0.007923249	0.007923249	0.006938867	0.006938867	0.006938867
0.001115983	0.001115983	0.001115983	0.007662077	0.007662077	0.007662077	0.006701492	0.006701492	0.006701492
0.001092748	0.001092748	0.001092748	0.007417396	0.007417396	0.007417396	0.006481357	0.006481357	0.006481357
0.001071359	0.001071359	0.001071359	0.007187508	0.007187508	0.007187508	0.006276761	0.006276761	0.006276761
0.001051516	0.001051516	0.001051516	0.006970939	0.006970939	0.006970939	0.006086206	0.006086206	0.006086206
0.001032945	0.001032945	0.001032945	0.006766402	0.006766402	0.006766402	0.005908362	0.005908362	0.005908362
0.001015407	0.001015407	0.001015407	0.006572775	0.006572775	0.006572775	0.005742046	0.005742046	0.005742046
0.000998696	0.000998696	0.000998696	0.006389071	0.006389071	0.006389071	0.005586199	0.005586199	0.005586199
0.000982634	0.000982634	0.000982634	0.006214417	0.006214417	0.006214417	0.005439875	0.005439875	0.005439875
0.000967053	0.000967053	0.000967053	0.006048063	0.006048063	0.006048063	0.005302216	0.005302216	0.005302216
0.000951808	0.000951808	0.000951808	0.005889345	0.005889345	0.005889345	0.005172454	0.005172454	0.005172454
0.000936779	0.000936779	0.000936779	0.005739006	0.005739006	0.005739006	0.005049886	0.005049886	0.005049886
0.000921868	0.000921868	0.000921868	0.005597255	0.005597255	0.005597255	0.00493388	0.00493388	0.00493388
0.000906985	0.000906985	0.000906985	0.005463446	0.005463446	0.005463446	0.004823858	0.004823858	0.004823858
0.000892056	0.000892056	0.000892056	0.005336991	0.005336991	0.005336991	0.004719298	0.004719298	0.004719298
0.000877022	0.000877022	0.000877022	0.005217336	0.005217336	0.005217336	0.004619721	0.004619721	0.004619721
0.000861834	0.000861834	0.000861834	0.005103968	0.005103968	0.005103968	0.004524692	0.004524692	0.004524692
0.00084646	0.00084646	0.00084646	0.004996428	0.004996428	0.004996428	0.004433812	0.004433812	0.004433812
0.000830878	0.000830878	0.000830878	0.004894289	0.004894289	0.004894289	0.004346722	0.004346722	0.004346722
0.000815072	0.000815072	0.000815072	0.004797139	0.004797139	0.004797139	0.00426309	0.00426309	0.00426309
0.000799035	0.000799035	0.000799035	0.004704596	0.004704596	0.004704596	0.004182618	0.004182618	0.004182618
0.000782774	0.000782774	0.000782774	0.004616309	0.004616309	0.004616309	0.004105033	0.004105033	0.004105033
0.000767933	0.000767933	0.000767933	0.004531954	0.004531954	0.004531954	0.004030089	0.004030089	0.004030089
0.000754508	0.000754508	0.000754508	0.004451221	0.004451221	0.004451221	0.003957563	0.003957563	0.003957563
0.000742405	0.000742405	0.000742405	0.004373822	0.004373822	0.004373822	0.003887254	0.003887254	0.003887254
0.000731524	0.000731524	0.000731524	0.004299492	0.004299492	0.004299492	0.003818982	0.003818982	0.003818982
0.000721768	0.000721768	0.000721768	0.004227982	0.004227982	0.004227982	0.003752585	0.003752585	0.003752585
0.00071304	0.00071304	0.00071304	0.004159064	0.004159064	0.004159064	0.00368792	0.00368792	0.00368792
0.000705243	0.000705243	0.000705243	0.004092528	0.004092528	0.004092528	0.003624862	0.003624862	0.003624862
0.000698281	0.000698281	0.000698281	0.00402817	0.00402817	0.00402817	0.003563299	0.003563299	0.003563299
0.000692062	0.000692062	0.000692062	0.003965806	0.003965806	0.003965806	0.00350313	0.00350313	0.00350313
0.00068649	0.00068649	0.00068649	0.003905268	0.003905268	0.003905268	0.003444277	0.003444277	0.003444277
0.000681476	0.000681476	0.000681476	0.003846406	0.003846406	0.003846406	0.003387072	0.003387072	0.003387072
0.000676932	0.000676932	0.000676932	0.003789076	0.003789076	0.003789076	0.003332446	0.003332446	0.003332446
0.000672772	0.000672772	0.000672772	0.003733153	0.003733153	0.003733153	0.00328027	0.00328027	0.00328027
0.000668913	0.000668913	0.000668913	0.003678517	0.003678517	0.003678517	0.003230408	0.003230408	0.003230408
0.000665278	0.000665278	0.000665278	0.00362506	0.00362506	0.00362506	0.003182728	0.003182728	0.003182728
0.000630441	0.000630441	0.000630441	0.003349834	0.003349834	0.003349834	0.002949125	0.002949125	0.002949125
0.000526253	0.000526253	0.000526253	0.002526705	0.002526705	0.002526705	0.002238098	0.002238098	0.002238098
0.000450758	0.000450758	0.000450758	0.001930263	0.001930263	0.001930263	0.00172612	0.00172612	0.00172612
0.000393756	0.000393756	0.000393756	0.001379331	0.001379331	0.001379331	0.001242147	0.001242147	0.001242147
0.000300911	0.000300911	0.000300911	0.000547441	0.000547441	0.000547441	0.000513933	0.000513933	0.000513933
0.000279021	0.000279021	0.000279021	0.000279263	0.000279263	0.000279263	0.000279248	0.000279248	0.000279248
0.000279023	0.000279023	0.000279023	0.000279261	0.000279261	0.000279261	0.000279247	0.000279247	0.000279247
0.000279025	0.000279025	0.000279025	0.000279259	0.000279259	0.000279259	0.000279242	0.000279242	0.000279242
0.000279027	0.000279027	0.000279027	0.000279256	0.000279256	0.000279256	0.000279236	0.000279236	0.000279236
0.00027903	0.00027903	0.00027903	0.000279254	0.000279254	0.000279254	0.000279232	0.000279232	0.000279232
0.000279032	0.000279032	0.000279032	0.000279251	0.000279251	0.000279251	0.000279228	0.000279228	0.000279228
0.000279035	0.000279035	0.000279035	0.000279248	0.000279248	0.000279248	0.000279223	0.000279223	0.000279223
0.000279038	0.000279038	0.000279038	0.000279246	0.000279246	0.000279246	0.000279219	0.000279219	0.000279219
0.00027904	0.00027904	0.00027904	0.000279244	0.000279244	0.000279244	0.000279214	0.000279214	0.000279214
0.000279043	0.000279043	0.000279043	0.000279242	0.000279242	0.000279242	0.000279212	0.000279212	0.000279212
0.000279046	0.000279046	0.000279046	0.00027924	0.00027924	0.00027924	0.000279219	0.000279219	0.000279219
0.000279049	0.000279049	0.000279049	0.000279238	0.000279238	0.000279238	0.000279226	0.000279226	0.000279226
0.000279044	0.000279044	0.000279044	0.000279237	0.000279237	0.000279237	0.000279225	0.000279225	0.000279225
0.00027904	0.00027904	0.00027904	0.000279236	0.000279236	0.000279236	0.000279221	0.000279221	0.000279221
0.00027904	0.00027904	0.00027904	0.000279236	0.000279236	0.000279236	0.000279216	0.000279216	0.000279216
0.000279042	0.000279042	0.000279042	0.000279235	0.000279235	0.000279235	0.000279214	0.000279214	0.000279214
0.000279039	0.000279039	0.000279039	0.000279235	0.000279235	0.000279235	0.000279216	0.000279216	0.000279216
0.000279036	0.000279036	0.000279036	0.000279236	0.000279236	0.000279236	0.000279222	0.000279222	0.000279222
0.000279037	0.000279037	0.000279037	0.000279236	0.000279236	0.000279236	0.000279229	0.000279229	0.000279229
0.000279037	0.000279037	0.000279037	0.000279236	0.000279236	0.000279236	0.000279234	0.000279234	0.000279234
0.000279035	0.000279035	0.000279035	0.000279237	0.000279237	0.000279237	0.000279237	0.000279237	0.000279237
0.000279032	0.000279032	0.000279032	0.000279238	0.000279238	0.000279238	0.000279239	0.000279239	0.000279239
0.000279036	0.000279036	0.000279036	0.00027924	0.00027924	0.00027924	0.000279237	0.000279237	0.000279237
0.00027904	0.00027904	0.00027904	0.000279242	0.000279242	0.000279242	0.000279235	0.000279235	0.000279235
0.000279038	0.000279038	0.000279038	0.000279244	0.000279244	0.000279244	0.000279231	0.000279231	0.000279231
0.000279033	0.000279033	0.000279033	0.000279246	0.000279246	0.000279246	0.000279227	0.000279227	0.000279227
0.000279028	0.000279028	0.000279028	0.000279248	0.000279248	0.000279248	0.000279224	0.000279224	0.000279224
0.000279023	0.000279023	0.000279023	0.00027925	0.00027925	0.00027925	0.000279222	0.000279222	0.000279222
0.000279021	0.000279021	0.000279021	0.000279253	0.000279253	0.000279253	0.00027922	0.00027922	0.00027922
0.00027902	0.00027902	0.00027902	0.000279255	0.000279255	0.000279255	0.000279218	0.000279218	0.000279218
0.000279017	0.000279017	0.000279017	0.000279257	0.000279257	0.000279257	0.000279217	0.000279217	0.000279217
0.000279014	0.000279014	0.000279014	0.000279259	0.000279259	0.000279259	0.000279215	0.000279215	0.000279215
0.000279011	0.000279011	0.000279011	0.000279261	0.000279261	0.000279261	0.000279214	0.000279214	0.000279214
0.000279008	0.000279008	0.000279008	0.00027926	0.00027926	0.00027926	0.000279212	0.000279212	0.000279212
0.000279005	0.000279005	0.000279005	0.00027926	0.00027926	0.00027926	0.000279212	0.000279212	0.000279212
0.000279003	0.000279003	0.000279003	0.000279259	0.000279259	0.000279259	0.000279212	0.000279212	0.000279212
0.000279005	0.000279005	0.000279005	0.000279253	0.000279253	0.000279253	0.000279211	0.000279211	0.000279211
0.000279009	0.000279009	0.000279009	0.000279246	0.000279246	0.000279246	0.000279211	0.000279211	0.000279211
0.000279015	0.000279015	0.000279015	0.000279246	0.000279246	0.000279246	0.000279211	0.000279211	0.000279211
0.000279018	0.000279018	0.000279018	0.000279246	0.000279246	0.000279246	0.000279211	0.000279211	0.000279211
0.000279014	0.000279014	0.000279014	0.000279239	0.000279239	0.000279239	0.000279212	0.000279212	0.000279212
0.000279009	0.000279009	0.000279009	0.000279231	0.000279231	0.000279231	0.000279213	0.000279213	0.000279213
0.00027901	0.00027901	0.00027901	0.00027923	0.00027923	0.00027923	0.000279214	0.000279214	0.000279214
0.000279015	0.000279015	0.000279015	0.00027923	0.00027923	0.00027923	0.000279215	0.000279215	0.000279215
0.000279012	0.000279012	0.000279012	0.000279222	0.000279222	0.000279222	0.000279215	0.000279215	0.000279215
0.000279009	0.000279009	0.000279009	0.000279215	0.000279215	0.000279215	0.000279216	0.000279216	0.000279216
0.000279006	0.000279006	0.000279006	0.000279216	0.000279216	0.000279216	0.000279217	0.000279217	0.000279217
0.000279003	0.000279003	0.000279003	0.00027922	0.00027922	0.00027922	0.000279219	0.000279219	0.000279219
0.000279001	0.000279001	0.000279001	0.000279221	0.000279221	0.000279221	0.000279221	0.000279221	0.000279221
0.000278999	0.000278999	0.000278999	0.000279222	0.000279222	0.000279222	0.000279225	0.000279225	0.000279225
0.000278997	0.000278997	0.000278997	0.000279225	0.000279225	0.000279225	0.000279226	0.000279226	0.000279226
0.000278996	0.000278996	0.000278996	0.00027923	0.00027923	0.00027923	0.000279229	0.000279229	0.000279229
0.000278995	0.000278995	0.000278995	0.000279233	0.000279233	0.000279233	0.000279237	0.000279237	0.000279237
0.000278994	0.000278994	0.000278994	0.000279236	0.000279236	0.000279236	0.000279246	0.000279246	0.000279246
0.000278993	0.000278993	0.000278993	0.000279239	0.000279239	0.000279239	0.000279243	0.000279243	0.000279243
0.000278992	0.000278992	0.000278992	0.000279242	0.000279242	0.000279242	0.00027924	0.00027924	0.00027924
0.000278991	0.000278991	0.000278991	0.00027924	0.00027924	0.00027924	0.000279233	0.000279233	0.000279233
0.00027899	0.00027899	0.00027899	0.000279239	0.000279239	0.000279239	0.000279225	0.000279225	0.000279225
0.00027899	0.00027899	0.00027899	0.000279245	0.000279245	0.000279245	0.000279222	0.000279222	0.000279222
0.00027899	0.00027899	0.00027899	0.000279253	0.000279253	0.000279253	0.000279221	0.000279221	0.000279221
0.00027899	0.00027899	0.00027899	0.000279256	0.000279256	0.000279256	0.00027922	0.00027922	0.00027922
0.00027899	0.00027899	0.00027899	0.000279257	0.000279257	0.000279257	0.000279217	0.000279217	0.000279217
0.000278991	0.000278991	0.000278991	0.00027926	0.00027926	0.00027926	0.000279208	0.000279208	0.000279208
0.000278992	0.000278992	0.000278992	0.000279264	0.000279264	0.000279264	0.000279199	0.000279199	0.000279199
0.000278993	0.000278993	0.000278993	0.000279267	0.000279267	0.000279267	0.000279197	0.000279197	0.000279197
0.000278995	0.000278995	0.000278995	0.000279264	0.000279264	0.000279264	0.000279197	0.000279197	0.000279197
0.000278996	0.000278996	0.000278996	0.000279261	0.000279261	0.000279261	0.000279195	0.000279195	0.000279195
0.000278998	0.000278998	0.000278998	0.000279258	0.000279258	0.000279258	0.000279193	0.000279193	0.000279193
0.000279	0.000279	0.000279	0.000279256	0.000279256	0.000279256	0.000279195	0.000279195	0.000279195
0.000279002	0.000279002	0.000279002	0.000279254	0.000279254	0.000279254	0.0002792	0.0002792	0.0002792
0.000279003	0.000279003	0.000279003	0.000279252	0.000279252	0.000279252	0.000279207	0.000279207	0.000279207
0.000279005	0.000279005	0.000279005	0.000279249	0.000279249	0.000279249	0.000279213	0.000279213	0.000279213
0.000279008	0.000279008	0.000279008	0.000279246	0.000279246	0.000279246	0.000279215	0.000279215	0.000279215
0.000279011	0.000279011	0.000279011	0.000279244	0.000279244	0.000279244	0.000279215	0.000279215	0.000279215
0.000279016	0.000279016	0.000279016	0.000279243	0.000279243	0.000279243	0.000279214	0.000279214	0.000279214
0.000279022	0.000279022	0.000279022	0.000279242	0.000279242	0.000279242	0.000279213	0.000279213	0.000279213
0.000279018	0.000279018	0.000279018	0.000279241	0.000279241	0.000279241	0.000279213	0.000279213	0.000279213
0.000279015	0.000279015	0.000279015	0.00027924	0.00027924	0.00027924	0.000279213	0.000279213	0.000279213
0.00027901	0.00027901	0.00027901	0.000279239	0.000279239	0.000279239	0.000279214	0.000279214	0.000279214
0.000279006	0.000279006	0.000279006	0.000279238	0.000279238	0.000279238	0.000279215	0.000279215	0.000279215
0.000279008	0.000279008	0.000279008	0.000279238	0.000279238	0.000279238	0.000279218	0.000279218	0.000279218
0.000279012	0.000279012	0.000279012	0.000279238	0.000279238	0.000279238	0.00027922	0.00027922	0.00027922
0.000279012	0.000279012	0.000279012	0.00027924	0.00027924	0.00027924	0.000279218	0.000279218	0.000279218
0.00027901	0.00027901	0.00027901	0.000279241	0.000279241	0.000279241	0.000279216	0.000279216	0.000279216
0.000279006	0.000279006	0.000279006	0.000279242	0.000279242	0.000279242	0.000279219	0.000279219	0.000279219
0.000279004	0.000279004	0.000279004	0.000279243	0.000279243	0.000279243	0.000279222	0.000279222	0.000279222
0.000279002	0.000279002	0.000279002	0.000279244	0.000279244	0.000279244	0.000279219	0.000279219	0.000279219
0.000279003	0.000279003	0.000279003	0.000279245	0.000279245	0.000279245	0.000279217	0.000279217	0.000279217
0.000279009	0.000279009	0.000279009	0.000279247	0.000279247	0.000279247	0.000279215	0.000279215	0.000279215
0.000279015	0.000279015	0.000279015	0.000279249	0.000279249	0.000279249	0.000279213	0.000279213	0.000279213
0.000279018	0.000279018	0.000279018	0.000279251	0.000279251	0.000279251	0.00027921	0.00027921	0.00027921
0.000279021	0.000279021	0.000279021	0.000279254	0.000279254	0.000279254	0.000279208	0.000279208	0.000279208
0.000279025	0.000279025	0.000279025	0.000279255	0.000279255	0.000279255	0.000279205	0.000279205	0.000279205
0.000279031	0.000279031	0.000279031	0.000279258	0.000279258	0.000279258	0.000279203	0.000279203	0.000279203
0.000279041	0.000279041	0.000279041	0.000279266	0.000279266	0.000279266	0.000279201	0.000279201	0.000279201
0.000279051	0.000279051	0.000279051	0.000279275	0.000279275	0.000279275	0.000279199	0.000279199	0.000279199
0.000279059	0.000279059	0.000279059	0.000279278	0.000279278	0.000279278	0.000279198	0.000279198	0.000279198
0.000279066	0.000279066	0.000279066	0.000279277	0.000279277	0.000279277	0.000279196	0.000279196	0.000279196
0.00027908	0.00027908	0.00027908	0.000279272	0.000279272	0.000279272	0.000279194	0.000279194	0.000279194
0.000279093	0.000279093	0.000279093	0.000279268	0.000279268	0.000279268	0.000279194	0.000279194	0.000279194
0.0002791	0.0002791	0.0002791	0.000279269	0.000279269	0.000279269	0.000279194	0.000279194	0.000279194
0.000279102	0.000279102	0.000279102	0.000279274	0.000279274	0.000279274	0.000279194	0.000279194	0.000279194
0.000279097	0.000279097	0.000279097	0.000279282	0.000279282	0.000279282	0.000279194	0.000279194	0.000279194
0.000279092	0.000279092	0.000279092	0.000279289	0.000279289	0.000279289	0.000279193	0.000279193	0.000279193
0.000279097	0.000279097	0.000279097	0.000279291	0.000279291	0.000279291	0.000279194	0.000279194	0.000279194
0.000279105	0.000279105	0.000279105	0.000279291	0.000279291	0.000279291	0.000279195	0.000279195	0.000279195
0.000279109	0.000279109	0.000279109	0.000279294	0.000279294	0.000279294	0.000279196	0.000279196	0.000279196
0.000279111	0.000279111	0.000279111	0.000279298	0.000279298	0.000279298	0.000279197	0.000279197	0.000279197
0.000279108	0.000279108	0.000279108	0.000279303	0.000279303	0.000279303	0.000279199	0.000279199	0.000279199
0.000279105	0.000279105	0.000279105	0.000279308	0.000279308	0.000279308	0.000279202	0.000279202	0.000279202
0.000279103	0.000279103	0.000279103	0.000279308	0.000279308	0.000279308	0.000279205	0.000279205	0.000279205
0.000279101	0.000279101	0.000279101	0.000279308	0.000279308	0.000279308	0.000279208	0.000279208	0.000279208
0.000279099	0.000279099	0.000279099	0.000279313	0.000279313	0.000279313	0.000279211	0.000279211	0.000279211
0.000279097	0.000279097	0.000279097	0.000279318	0.000279318	0.000279318	0.000279214	0.000279214	0.000279214
0.000279095	0.000279095	0.000279095	0.000279316	0.000279316	0.000279316	0.000279216	0.000279216	0.000279216
0.000279092	0.000279092	0.000279092	0.000279311	0.000279311	0.000279311	0.000279218	0.000279218	0.000279218
0.00027909	0.00027909	0.00027909	0.000279309	0.000279309	0.000279309	0.000279223	0.000279223	0.000279223
0.001446783	0.000279087	0.000279087	0.001446031	0.00027931	0.00027931	0.000279227	0.000279227	0.000279227
0.005105269	0.000279086	0.000279086	0.005104521	0.000279312	0.000279312	0.000279225	0.000279225	0.000279225
0.013199551	0.000279085	0.000279085	0.013198808	0.000279315	0.000279315	0.000279224	0.000279224	0.000279224
0.048464311	0.000279084	0.000279084	0.0484666	0.000279322	0.000279322	0.000279218	0.000279218	0.000279218
0.066601057	0.000279084	0.000279084	0.066607672	0.000279327	0.000279327	0.000279212	0.000279212	0.000279212
0.223638053	0.000279083	0.000279083	0.223644676	0.000279327	0.000279327	0.000279212	0.000279212	0.000279212
0.319568033	0.000279082	0.000279082	0.319574661	0.000279326	0.000279326	0.000279214	0.000279214	0.000279214
0.596828022	0.000279083	0.000279083	0.59684259	0.000279329	0.000279329	0.000279211	0.000279211	0.000279211
0.914705232	0.000490458	0.000279084	0.914728801	0.000499672	0.000279332	0.000279209	0.000279209	0.000279209
0.931955031	0.001188096	0.000279084	0.931988502	0.001197312	0.000279334	0.000279214	0.000279214	0.000279214
1.030404329	0.002949506	0.000279085	1.030437845	0.002958724	0.000279336	0.00027922	0.00027922	0.00027922
1.07298058	0.010340678	0.000279086	1.073014076	0.010361492	0.000279338	0.000279222	0.000279222	0.000279222
1.085291606	0.014650713	0.000279088	1.085324244	0.014682965	0.000279335	0.000279223	0.000279223	0.000279223
1.089790285	0.049144048	0.00027909	1.089820753	0.049174145	0.000279332	0.000279224	0.000279224	0.000279224
1.090584372	0.068649426	0.000279092	1.090611364	0.068676053	0.000279329	0.000279225	0.000279225	0.000279225
1.091397532	0.138413137	0.000279094	1.091419762	0.13844852	0.000279327	0.000279224	0.000279224	0.000279224
1.092221819	0.214266948	0.001140163	1.092238052	0.214310012	0.001134406	0.000279221	0.000279221	0.000279221
1.093049407	0.219355907	0.003805459	1.09305845	0.2193918	0.003806233	0.000279212	0.000279212	0.000279212
1.093872214	0.253351729	0.009403287	1.093872977	0.253379343	0.00940938	0.000279204	0.000279204	0.000279204
1.094682424	0.267531455	0.034210767	1.094673926	0.267549756	0.034207552	0.000279207	0.000279207	0.000279207
1.095472129	0.27131351	0.04624914	1.095453443	0.271321566	0.046235677	0.000279214	0.000279214	0.000279214
1.096233822	0.273039469	0.154501319	1.096204103	0.273036453	0.154489289	0.000279219	0.000279219	0.000279219
1.096960073	0.27376558	0.222845058	1.096918553	0.273750764	0.222833114	0.000279223	0.000279223	0.000279223
1.097642715	0.274448073	0.401439288	1.097589945	0.274422106	0.401416169	0.000279229	0.000279229	0.000279229
1.09827501	0.275080239	0.612037602	1.098211808	0.275043931	0.612004146	0.000279233	0.000279233	0.000279233
1.098850938	0.275656071	0.636493867	1.098778296	0.275610322	0.636450989	0.000279234	0.000279234	0.000279234
1.099364891	0.276169933	0.686863383	1.09928385	0.276115758	0.686820521	0.000279234	0.000279234	0.000279234
1.099811977	0.276616981	0.709385475	1.099723613	0.276555411	0.709342614	0.000279236	0.000279236	0.000279236
1.100187845	0.276992732	0.716347574	1.100093319	0.276925018	0.716304732	0.000279241	0.000279241	0.000279241
1.100488886	0.277293347	0.718405147	1.100389453	0.277221078	0.718362385	0.000279248	0.000279248	0.000279248
1.100712206	0.27751622	0.71862844	1.10060913	0.277440677	0.718582012	0.000279255	0.000279255	0.000279255
1.100855696	0.277659622	0.718771841	1.100750243	0.277581665	0.7187231	0.000279258	0.000279258	0.000279258
1.100917889	0.277721768	0.718833825	1.100811421	0.27764272	0.718784266	0.000279259	0.000279259	0.000279259
1.10092556	0.277729839	0.718842044	1.100819113	0.277650488	0.718791967	0.000279257	0.000279257	0.000279257
1.101014479	0.277819157	0.718931374	1.100907887	0.277739314	0.718880761	0.000279254	0.000279254	0.000279254
1.101183949	0.277988679	0.719100639	1.101076902	0.27790836	0.719049817	0.000279251	0.000279251	0.000279251
1.101432102	0.278236732	0.719348329	1.101324494	0.278156001	0.71929747	0.000279248	0.000279248	0.000279248
1.101756526	0.278561061	0.719672329	1.101648337	0.278479952	0.719621387	0.000279245	0.000279245	0.000279245
1.10215385	0.278958342	0.720069372	1.102045257	0.278876993	0.720018383	0.000279243	0.000279243	0.000279243
1.102620041	0.279424599	0.720535498	1.102511496	0.279343339	0.720484714	0.00027924	0.00027924	0.00027924
1.103150883	0.27995558	0.721066497	1.103042506	0.279874422	0.721015781	0.000279238	0.000279238	0.000279238
1.103741743	0.280546575	0.721657668	1.103633276	0.28046521	0.721606519	0.000279236	0.000279236	0.000279236
1.104386592	0.281191645	0.722302969	1.104278012	0.281109955	0.722251198	0.000279235	0.000279235	0.000279235
1.105079047	0.281884486	0.722996205	1.104970603	0.281802573	0.722943757	0.000279234	0.000279234	0.000279234
1.105812492	0.282618349	0.72373028	1.105703435	0.282535478	0.723676599	0.000279233	0.000279233	0.000279233
1.106580197	0.283386479	0.72449784	1.106468995	0.28330121	0.724442246	0.000279232	0.000279232	0.000279232
1.107374514	0.284181035	0.725291836	1.107259837	0.284092245	0.725233196	0.000279231	0.000279231	0.000279231
1.1081876	0.284993968	0.726105147	1.108068495	0.28490102	0.726041922	0.00027923	0.00027923	0.00027923
1.109011897	0.28581802	0.726929736	1.10888706	0.28571969	0.726860547	0.00027923	0.00027923	0.00027923
1.109840086	0.286646016	0.727757697	1.109707753	0.286540546	0.72768133	0.00027923	0.00027923	0.00027923
1.110663518	0.287469507	0.728580888	1.110522571	0.287355527	0.728496236	0.000279231	0.000279231	0.000279231
1.111473907	0.288280511	0.72939147	1.111323779	0.288156849	0.729297504	0.000279231	0.000279231	0.000279231
1.112263559	0.289070815	0.730181483	1.112103564	0.288936711	0.730077333	0.000279231	0.000279231	0.000279231
1.113024912	0.289832418	0.730943339	1.112854529	0.289687714	0.730828334	0.000279232	0.000279232	0.000279232
1.113751111	0.290558537	0.731669738	1.113569333	0.29040255	0.731543179	0.000279234	0.000279234	0.000279234
1.114434673	0.291241739	0.732352646	1.114241152	0.291074447	0.732215063	0.000279235	0.000279235	0.000279235
1.115068108	0.291874749	0.732985259	1.114863466	0.29169683	0.732837446	0.000279236	0.000279236	0.000279236
1.115644767	0.29245102	0.73356151	1.115430391	0.292263746	0.733404411	0.000279238	0.000279238	0.000279238
1.11615911	0.292965192	0.734075783	1.115936368	0.292769708	0.73391043	0.00027924	0.00027924	0.00027924
1.11660619	0.293412546	0.734523166	1.116376534	0.293209925	0.734350685	0.000279241	0.000279241	0.000279241
1.116982027	0.293788796	0.734899342	1.116746638	0.293580112	0.734720881	0.000279243	0.000279243	0.000279243
1.117283421	0.294090473	0.735200754	1.117043183	0.293876735	0.735017473	0.000279247	0.000279247	0.000279247
1.117507217	0.294314443	0.735424461	1.11726328	0.294096906	0.7352376	0.00027925	0.00027925	0.00027925
1.117651055	0.294458341	0.735568309	1.117404812	0.294238506	0.735379174	0.000279248	0.000279248	0.000279248
1.11654591	0.294520911	0.735630901	1.116299696	0.294300175	0.735440822	0.000279246	0.000279246	0.000279246
1.112894677	0.294528119	0.735638149	1.112648442	0.294307356	0.735448029	0.000279241	0.000279241	0.000279241
1.104888717	0.294616381	0.73572647	1.104642478	0.294395618	0.735536317	0.000279234	0.000279234	0.000279234
1.069792538	0.294784894	0.735895022	1.0695433	0.294564135	0.735704866	0.000279234	0.000279234	0.000279234
1.051902969	0.295032001	0.736142157	1.051649436	0.294811254	0.735952	0.000279237	0.000279237	0.000279237
0.895189416	0.295355381	0.736465561	0.894935873	0.295134651	0.736275374	0.000279231	0.000279231	0.000279231
0.79965597	0.295751855	0.736862058	0.799402409	0.295531151	0.736671836	0.000279227	0.000279227	0.000279227
0.522861854	0.296217671	0.7373279	0.522600353	0.295997018	0.737137661	0.000279234	0.000279234	0.000279234
0.205515291	0.296536888	0.73785852	0.20524479	0.296307311	0.737668272	0.000279242	0.000279242	0.000279242
0.188855896	0.296429588	0.738448887	0.188575492	0.296200013	0.738258637	0.000279237	0.000279237	0.000279237
0.091050969	0.295312487	0.739093227	0.090770547	0.295082887	0.738902971	0.000279228	0.000279228	0.000279228
0.049166923	0.288613493	0.739785442	0.048886511	0.288372252	0.739595181	0.000279222	0.000279222	0.000279222
0.0375892	0.285036734	0.740518744	0.037308934	0.284783192	0.740327696	0.000279217	0.000279217	0.000279217
0.033858	0.251310817	0.741286152	0.033578211	0.251057234	0.741092933	0.00027921	0.00027921	0.00027921
0.033858049	0.232599497	0.742080198	0.033578684	0.232345892	0.741883579	0.000279205	0.000279205	0.000279205
0.033858135	0.163648949	0.742893372	0.033578837	0.16338187	0.742692467	0.000279206	0.000279206	0.000279206
0.033858249	0.088619462	0.742856655	0.033578734	0.088338739	0.742656133	0.000279212	0.000279212	0.000279212
0.03385839	0.084358156	0.741019058	0.033578347	0.084077375	0.740804553	0.000279221	0.000279221	0.000279221
0.033858545	0.051185237	0.736244177	0.033577984	0.050904383	0.736015661	0.000279229	0.000279229	0.000279229
0.03385869	0.037815848	0.712247056	0.033577956	0.037534984	0.712018538	0.000279231	0.000279231	0.000279231
0.033858859	0.034823656	0.700998559	0.033578106	0.034542797	0.700770185	0.000279231	0.000279231	0.000279231
0.033859087	0.03385958	0.593508284	0.033578267	0.033578708	0.593267423	0.000279232	0.000279232	0.000279232
0.033859355	0.033859938	0.525891038	0.03357849	0.03357903	0.525638248	0.000279234	0.000279234	0.000279234
0.033859645	0.033860328	0.347979718	0.033578849	0.033579335	0.347726877	0.000279234	0.000279234	0.000279234
0.033859956	0.03386072	0.138013988	0.033579254	0.033579658	0.137761089	0.000279235	0.000279235	0.000279235
0.03386029	0.033861101	0.11413396	0.033579601	0.033580029	0.113881043	0.000279244	0.000279244	0.000279244
0.03386064	0.033861497	0.064278721	0.033579948	0.033580436	0.064017374	0.000279253	0.000279253	0.000279253
0.033860999	0.033861848	0.042204041	0.033580358	0.03358088	0.041935369	0.000279256	0.000279256	0.000279256
0.033861365	0.033862302	0.035618152	0.033580786	0.033581337	0.035343301	0.000279255	0.000279255	0.000279255
0.033861754	0.033863126	0.033862009	0.033581183	0.033581771	0.033582155	0.000279255	0.000279255	0.000279255
0.033862141	0.033863975	0.033862431	0.033581578	0.033582217	0.033582597	0.000279256	0.000279256	0.000279256
0.03386252	0.033864428	0.033862907	0.033581993	0.033582714	0.033583015	0.000279259	0.000279259	0.000279259
0.033862949	0.03386486	0.033863546	0.033582427	0.033583225	0.033583433	0.000279262	0.000279262	0.000279262
0.033862549	0.033864095	0.033862634	0.033581967	0.033582726	0.03358298	0.000279259	0.000279259	0.000279259
0.033861949	0.033863167	0.033861619	0.033581511	0.03358225	0.033582519	0.000279256	0.000279256	0.000279256
0.033860816	0.033862215	0.033860609	0.033581088	0.033581812	0.033582093	0.000279253	0.000279253	0.000279253
0.033859624	0.033861331	0.033859717	0.033580692	0.033581387	0.033581662	0.000279251	0.000279251	0.000279251
0.033858852	0.033860576	0.033859063	0.033580316	0.033580955	0.033581181	0.000279248	0.000279248	0.000279248
0.033858304	0.033859976	0.033858511	0.033579956	0.033580524	0.033580704	0.000279246	0.000279246	0.000279246
0.033857782	0.033859552	0.033857973	0.033579635	0.033580097	0.033580271	0.000279245	0.000279245	0.000279245
0.03385735	0.03385923	0.033857369	0.033579304	0.033579696	0.033579896	0.000279244	0.000279244	0.000279244
0.033857096	0.033858963	0.033856674	0.033578905	0.033579339	0.033579593	0.000279242	0.000279242	0.000279242
0.033856965	0.033858631	0.033855946	0.033578515	0.033579021	0.033579337	0.000279239	0.000279239	0.000279239
0.033856841	0.033858317	0.033855051	0.033578185	0.033578757	0.033579113	0.000279238	0.000279238	0.000279238
0.033856872	0.033857877	0.033854401	0.03357794	0.033578501	0.033578902	0.000279237	0.000279237	0.000279237
0.033857163	0.033856725	0.033854523	0.033577832	0.033578199	0.033578669	0.000279237	0.000279237	0.000279237
0.033857553	0.033855926	0.033854821	0.033577776	0.0335779	0.033578459	0.000279236	0.000279236	0.000279236
0.033858127	0.033856851	0.033854748	0.03357766	0.033577661	0.033578321	0.000279235	0.000279235	0.000279235
0.033858445	0.033858051	0.033854483	0.033577573	0.033577455	0.033578222	0.000279234	0.000279234	0.000279234
0.033857845	0.033858165	0.03385411	0.033577606	0.03357725	0.033578126	0.000279234	0.000279234	0.000279234
0.03385719	0.033857833	0.033853818	0.033577688	0.033577088	0.033578047	0.000279235	0.000279235	0.000279235
0.033857309	0.033857362	0.033853861	0.033577755	0.033577009	0.033578006	0.000279237	0.000279237	0.000279237
0.03385773	0.033857265	0.033853987	0.03357781	0.033577001	0.033577988	0.000279239	0.000279239	0.000279239
0.033858189	0.033858321	0.03385393	0.033577856	0.03357706	0.033577969	0.00027924	0.00027924	0.00027924
0.033858364	0.033859526	0.033853877	0.033577907	0.033577167	0.033577972	0.000279242	0.000279242	0.000279242
0.033857875	0.03385977	0.033853963	0.03357798	0.033577287	0.03357803	0.000279244	0.000279244	0.000279244
0.03385725	0.033859762	0.03385421	0.033578075	0.033577446	0.03357811	0.000279246	0.000279246	0.000279246
0.033856848	0.033860216	0.03385468	0.033578184	0.033577688	0.033578177	0.000279249	0.000279249	0.000279249
0.033856813	0.033860788	0.0338552	0.033578331	0.033577948	0.033578263	0.000279251	0.000279251	0.000279251
0.033857416	0.033861192	0.033855588	0.033578548	0.033578165	0.033578396	0.000279253	0.000279253	0.000279253
0.03385815	0.033861449	0.033855919	0.033578797	0.033578363	0.033578572	0.000279255	0.000279255	0.000279255
0.033858496	0.03386153	0.033856276	0.033579045	0.033578564	0.033578788	0.000279257	0.000279257	0.000279257
0.033858702	0.033861597	0.03385662	0.033579296	0.033578775	0.033579026	0.000279259	0.000279259	0.000279259
0.03385901	0.033861812	0.0338569	0.033579564	0.033578993	0.033579277	0.000279266	0.000279266	0.000279266
0.033859347	0.033862092	0.033857163	0.033579838	0.033579229	0.033579525	0.000279272	0.000279272	0.000279272
0.033859052	0.033861823	0.033856861	0.033579586	0.033578951	0.033579302	0.000279277	0.000279277	0.000279277
0.033858778	0.033861569	0.033856561	0.033579317	0.03357867	0.033579079	0.000279284	0.000279284	0.000279284
0.033858506	0.033861336	0.033856307	0.033578997	0.033578425	0.033578823	0.000279282	0.000279282	0.000279282
0.033858242	0.033861115	0.033856075	0.033578677	0.033578202	0.033578564	0.000279276	0.000279276	0.000279276
0.033857985	0.033860898	0.033855847	0.033578407	0.033577969	0.033578389	0.000279274	0.000279274	0.000279274
0.033857749	0.033860692	0.033855629	0.033578237	0.033577739	0.033578226	0.000279272	0.000279272	0.000279272
0.033857544	0.033860501	0.033855429	0.03357812	0.033577598	0.033577903	0.000279266	0.000279266	0.000279266
0.033857364	0.033860328	0.033855249	0.033578171	0.033577411	0.033577716	0.00027926	0.00027926	0.00027926
0.033857199	0.033860186	0.033855105	0.033578602	0.033576951	0.033577933	0.000279261	0.000279261	0.000279261
0.033857058	0.033860055	0.033854979	0.033579004	0.033576526	0.033578328	0.000279263	0.000279263	0.000279263
0.033856948	0.033859915	0.033854838	0.033579056	0.033576457	0.033578799	0.000279263	0.000279263	0.000279263
0.033856857	0.033859787	0.033854733	0.03357885	0.033576507	0.033579064	0.000279262	0.000279262	0.000279262
0.033856793	0.033859699	0.033854722	0.033578392	0.033576518	0.033578874	0.000279263	0.000279263	0.000279263
0.03385673	0.033859646	0.033854759	0.033578038	0.033576431	0.033578435	0.000279264	0.000279264	0.000279264
0.033856641	0.033859603	0.033854814	0.033578001	0.033576131	0.033577833	0.000279263	0.000279263	0.000279263
0.033856575	0.033859617	0.033854874	0.033578297	0.033575865	0.033577357	0.000279259	0.000279259	0.000279259
0.033856559	0.033859745	0.033854908	0.033579186	0.033575819	0.033577317	0.000279254	0.000279254	0.000279254
0.033856625	0.033859925	0.033854973	0.033580017	0.033575946	0.033577463	0.000279249	0.000279249	0.000279249
0.033856817	0.033860095	0.033855133	0.033579988	0.033576347	0.033577599	0.00027925	0.00027925	0.00027925
0.033857061	0.033860275	0.033855344	0.033579799	0.033576696	0.033577697	0.000279251	0.000279251	0.000279251
0.033857288	0.033860481	0.033855568	0.033580201	0.033576563	0.033577677	0.000279243	0.000279243	0.000279243
0.033857512	0.033860714	0.033855804	0.033580756	0.033576398	0.0335777	0.000279236	0.000279236	0.000279236
0.033857744	0.033860968	0.033856046	0.033581025	0.033576678	0.033577941	0.000279245	0.000279245	0.000279245
0.033857995	0.033861248	0.03385631	0.0335812	0.033577125	0.033578272	0.000279255	0.000279255	0.000279255
0.033858279	0.033861556	0.033856607	0.033581466	0.033577464	0.033578566	0.000279254	0.000279254	0.000279254
0.033858586	0.033861884	0.03385693	0.033581778	0.033577777	0.033578862	0.000279249	0.000279249	0.000279249
0.033858901	0.033862234	0.033857277	0.03358208	0.033578152	0.0335792	0.000279249	0.000279249	0.000279249
0.033859232	0.033862586	0.033857631	0.033582398	0.033578547	0.033579564	0.000279252	0.000279252	0.000279252
0.033859594	0.033862911	0.033857969	0.033582761	0.033578915	0.033579944	0.00027926	0.00027926	0.00027926
0.033859961	0.033863247	0.033858323	0.03358314	0.033579281	0.033580327	0.000279268	0.000279268	0.000279268
0.033860287	0.033863627	0.033858691	0.033583511	0.033579672	0.033580697	0.000279272	0.000279272	0.000279272
0.033860596	0.033864041	0.033859076	0.033583877	0.03358007	0.033581068	0.000279274	0.000279274	0.000279274
0.033860193	0.033863585	0.033858568	0.033583515	0.033579681	0.033580698	0.000279272	0.000279272	0.000279272
0.033859817	0.033863105	0.033858143	0.033583152	0.033579296	0.03358032	0.000279269	0.000279269	0.000279269
0.033859811	0.033862718	0.033858157	0.033582781	0.033578927	0.033579908	0.000279266	0.000279266	0.000279266
0.03385971	0.033862303	0.033858199	0.033582411	0.033578547	0.033579516	0.000279263	0.000279263	0.000279263
0.0338588	0.0338615	0.033857646	0.033582054	0.03357812	0.03357921	0.000279261	0.000279261	0.000279261
0.033857956	0.033860824	0.033857101	0.033581715	0.033577695	0.033578938	0.000279259	0.000279259	0.000279259
0.033858107	0.033861049	0.033857357	0.033581381	0.033577324	0.033578645	0.000279255	0.000279255	0.000279255
0.033858594	0.03386125	0.033857638	0.03358109	0.03357699	0.03357835	0.000279252	0.000279252	0.000279252
0.033858795	0.033860478	0.033857086	0.033580886	0.033576681	0.033578091	0.000279251	0.000279251	0.000279251
0.03385876	0.033859422	0.03385624	0.033580716	0.0335764	0.033577832	0.00027925	0.00027925	0.00027925
0.033858691	0.033858545	0.033855779	0.03358054	0.033576136	0.033577517	0.000279249	0.000279249	0.000279249
0.033858386	0.03385807	0.033855326	0.033580358	0.033575925	0.033577227	0.000279247	0.000279247	0.000279247
0.033857473	0.033858344	0.033854293	0.033580149	0.033575811	0.03357705	0.000279246	0.000279246	0.000279246
0.033856617	0.033858724	0.033853408	0.033579967	0.033575755	0.033576931	0.000279245	0.000279245	0.000279245
0.033856453	0.033858737	0.033853443	0.033579886	0.033575712	0.033576823	0.000279244	0.000279244	0.000279244
0.033856682	0.033858415	0.033853818	0.033579833	0.033575699	0.033576736	0.000279244	0.000279244	0.000279244
0.033857098	0.033857521	0.033854091	0.033579739	0.033575751	0.033576675	0.000279245	0.000279245	0.000279245
0.033857567	0.033856754	0.033854222	0.033579646	0.033575816	0.033576657	0.000279245	0.000279245	0.000279245
0.033857884	0.033857005	0.033853996	0.03357959	0.033575828	0.033576708	0.000279244	0.000279244	0.000279244
0.033858296	0.033857498	0.033853895	0.033579591	0.033575844	0.033576803	0.000279244	0.000279244	0.000279244
0.033859038	0.033857279	0.033854445	0.033579658	0.033575918	0.033576916	0.000279245	0.000279245	0.000279245
0.03385993	0.033857033	0.033855187	0.033579796	0.033576023	0.033577059	0.000279247	0.000279247	0.000279247
0.033860851	0.033857602	0.03385576	0.033580026	0.03357614	0.033577235	0.000279248	0.000279248	0.000279248
0.033861665	0.033858278	0.033856127	0.033580292	0.033576269	0.033577446	0.00027925	0.00027925	0.00027925
0.033862242	0.033858292	0.033856182	0.033580535	0.033576396	0.033577697	0.000279251	0.000279251	0.000279251
0.03386266	0.033858138	0.033856179	0.033580778	0.033576552	0.033577964	0.000279252	0.000279252	0.000279252
0.033862986	0.033858313	0.033856379	0.033581037	0.033576773	0.033578223	0.000279255	0.000279255	0.000279255
0.033863267	0.033858626	0.033856664	0.033581312	0.033577029	0.033578486	0.000279258	0.000279258	0.000279258
0.033863545	0.033858876	0.033856905	0.033581596	0.033577289	0.033578766	0.000279263	0.000279263	0.000279263
0.033863827	0.033859135	0.033857157	0.033581892	0.033577561	0.033579054	0.000279266	0.000279266	0.000279266
0.033864112	0.033859489	0.033857488	0.0335822	0.03357786	0.033579341	0.000279261	0.000279261	0.000279261
0.033864408	0.033859859	0.033857835	0.033582521	0.033578162	0.033579631	0.000279257	0.000279257	0.000279257
0.033864094	0.033859556	0.033857535	0.033582184	0.033577879	0.033579345	0.000279249	0.000279249	0.000279249
0.033863775	0.033859279	0.033857251	0.033581857	0.033577602	0.033579053	0.000279239	0.000279239	0.000279239
0.033863469	0.033858991	0.033856951	0.033581508	0.033577358	0.033578721	0.000279238	0.000279238	0.000279238
0.033863173	0.033858703	0.033856652	0.033581215	0.033577112	0.033578397	0.000279241	0.000279241	0.000279241
0.033862882	0.033858429	0.033856373	0.033581061	0.03357675	0.033578153	0.000279243	0.000279243	0.000279243
0.033862609	0.03385817	0.033856107	0.033580837	0.033576484	0.033577886	0.000279244	0.000279244	0.000279244
0.033862375	0.033857931	0.033855862	0.033580519	0.033576508	0.033577518	0.000279242	0.000279242	0.000279242
0.033862161	0.033857716	0.033855624	0.033579871	0.03357663	0.033577072	0.000279241	0.000279241	0.000279241
0.033861933	0.033857524	0.033855368	0.033578501	0.033576848	0.033576534	0.000279241	0.000279241	0.000279241
0.033861723	0.033857366	0.033855143	0.033577071	0.033576897	0.033576019	0.000279242	0.000279242	0.000279242
0.033861577	0.033857258	0.033855004	0.033576243	0.033576277	0.033575673	0.000279244	0.000279244	0.000279244
0.033861452	0.033857187	0.033854907	0.033575733	0.03357572	0.03357539	0.000279247	0.000279247	0.000279247
0.033861291	0.033857138	0.033854826	0.03357526	0.03357607	0.033575063	0.000279245	0.000279245	0.000279245
0.033861158	0.033857115	0.033854751	0.033574868	0.033576653	0.03357481	0.000279243	0.000279243	0.000279243
0.033861115	0.033857132	0.033854644	0.033574674	0.033576812	0.03357467	0.000279242	0.000279242	0.000279242
0.033861131	0.033857163	0.033854572	0.033574565	0.033576808	0.033574745	0.000279242	0.000279242	0.000279242
0.033861183	0.033857176	0.033854627	0.033574244	0.033576917	0.033575188	0.000279242	0.000279242	0.000279242
0.033861257	0.033857206	0.033854717	0.033574088	0.033577129	0.033575741	0.000279242	0.000279242	0.000279242
0.033861327	0.033857293	0.033854736	0.033574687	0.033577276	0.033576132	0.00027924	0.00027924	0.00027924
0.033861425	0.033857415	0.033854763	0.03357531	0.033577646	0.033576431	0.000279239	0.000279239	0.000279239
0.033861582	0.033857549	0.033854875	0.033575132	0.033578655	0.033576799	0.000279246	0.000279246	0.000279246
0.033861778	0.033857709	0.033855044	0.033574769	0.033579717	0.033577062	0.000279252	0.000279252	0.000279252
0.033861996	0.033857903	0.033855251	0.033574827	0.033580275	0.033576945	0.000279251	0.000279251	0.000279251
0.033862233	0.033858133	0.033855486	0.033575078	0.033580555	0.033576819	0.000279247	0.000279247	0.000279247
0.033862484	0.033858405	0.033855738	0.033575307	0.033580745	0.033577077	0.000279245	0.000279245	0.000279245
0.033862755	0.033858701	0.033856013	0.033575545	0.033580931	0.033577474	0.000279248	0.000279248	0.000279248
0.033863058	0.033859002	0.033856321	0.033575825	0.033581181	0.033577772	0.000279256	0.000279256	0.000279256
0.033863379	0.033859314	0.033856649	0.033576132	0.03358149	0.03357804	0.000279263	0.000279263	0.000279263
0.033863702	0.033859659	0.033856986	0.033576455	0.033581861	0.033578333	0.000279262	0.000279262	0.000279262
0.033864037	0.033860005	0.033857325	0.033576789	0.033582248	0.033578653	0.00027926	0.00027926	0.00027926
0.033864392	0.033860294	0.033857668	0.033577125	0.033582604	0.033579004	0.000279263	0.000279263	0.000279263
0.033864765	0.033860585	0.033857998	0.033577466	0.03358295	0.033579365	0.000279267	0.000279267	0.000279267
0.033864405	0.033860226	0.033857693	0.033577116	0.033582598	0.033579011	0.000279264	0.000279264	0.000279264
0.033864062	0.033859886	0.033857394	0.033576767	0.033582244	0.033578665	0.000279262	0.000279262	0.000279262
0.033863604	0.033859546	0.033857097	0.033576433	0.033581897	0.033578334	0.000279259	0.000279259	0.000279259
0.033863262	0.033859283	0.033856758	0.033576107	0.033581562	0.033578003	0.000279256	0.000279256	0.000279256
0.033863391	0.033859394	0.03385638	0.033575784	0.033581235	0.033577662	0.000279253	0.000279253	0.000279253
0.033863464	0.033859339	0.033855942	0.033575466	0.033580943	0.033577324	0.000279251	0.000279251	0.000279251
0.033863045	0.033858483	0.033855365	0.03357516	0.033580714	0.033576994	0.000279249	0.000279249	0.000279249
0.033862293	0.033857494	0.033854879	0.033574867	0.033580521	0.033576699	0.000279248	0.000279248	0.000279248
0.033861219	0.033856907	0.033854684	0.033574573	0.03358035	0.033576463	0.000279246	0.000279246	0.000279246
0.033860235	0.033856696	0.033854742	0.033574311	0.03358018	0.033576273	0.000279244	0.000279244	0.000279244
0.033859769	0.033856963	0.033854912	0.033574113	0.033579992	0.033576129	0.000279242	0.000279242	0.000279242
0.033859533	0.033857266	0.033855213	0.033573956	0.033579801	0.033575999	0.000279241	0.000279241	0.000279241
0.033859311	0.033857225	0.033855909	0.033573822	0.033579606	0.033575847	0.00027924	0.00027924	0.00027924
0.033859094	0.033857032	0.033856358	0.033573709	0.03357944	0.033575711	0.000279238	0.000279238	0.000279238
0.033858724	0.033856601	0.033855862	0.033573626	0.033579349	0.033575612	0.000279238	0.000279238	0.000279238
0.033858507	0.033856377	0.03385506	0.03357357	0.033579297	0.033575569	0.000279237	0.000279237	0.000279237
0.033858843	0.033857119	0.033854487	0.033573509	0.03357922	0.033575603	0.000279237	0.000279237	0.000279237
0.033859243	0.033857792	0.033854202	0.033573508	0.033579191	0.03357569	0.000279237	0.000279237	0.000279237
0.033859211	0.033857239	0.033854249	0.033573652	0.033579289	0.033575806	0.000279237	0.000279237	0.000279237
0.03385891	0.033856321	0.033854488	0.033573845	0.03357944	0.033575955	0.000279238	0.000279238	0.000279238
0.033858661	0.033855931	0.033854888	0.033573998	0.03357959	0.033576154	0.000279239	0.000279239	0.000279239
0.033858233	0.033855751	0.033855215	0.033574141	0.033579732	0.033576366	0.000279241	0.000279241	0.000279241
0.033857164	0.033855371	0.033855195	0.033574295	0.033579847	0.033576552	0.000279242	0.000279242	0.000279242
0.033856222	0.033855115	0.033855094	0.033574473	0.033579984	0.03357674	0.000279244	0.000279244	0.000279244
0.033856237	0.033855356	0.033855165	0.033574684	0.033580196	0.033576956	0.000279247	0.000279247	0.000279247
0.033856629	0.033855777	0.033855345	0.033574926	0.033580448	0.033577196	0.000279249	0.000279249	0.000279249
0.03385684	0.033856068	0.033855572	0.033575195	0.033580706	0.033577454	0.000279252	0.000279252	0.000279252
0.033857011	0.033856319	0.033855839	0.033575482	0.033580976	0.033577728	0.000279254	0.000279254	0.000279254
0.033857282	0.033856626	0.033856148	0.033575784	0.033581272	0.033578017	0.000279255	0.000279255	0.000279255
0.0338576	0.033856944	0.033856468	0.033576092	0.033581579	0.033578319	0.000279257	0.000279257	0.000279257
0.033857916	0.03385722	0.033856759	0.033576393	0.033581874	0.033578627	0.000279265	0.000279265	0.000279265
0.033858231	0.033857494	0.033857051	0.033576695	0.033582178	0.033578948	0.000279274	0.000279274	0.000279274
0.033857913	0.033857181	0.033856728	0.033576377	0.033581835	0.03357861	0.000279269	0.000279269	0.000279269
0.033857595	0.033856856	0.0338564	0.033576048	0.033581502	0.033578266	0.000279263	0.000279263	0.000279263
0.033857283	0.033856542	0.033856089	0.033575786	0.033581199	0.033577962	0.000279254	0.000279254	0.000279254
0.033856979	0.033856242	0.033855789	0.033575515	0.033580919	0.033577706	0.000279245	0.000279245	0.000279245
0.033856678	0.033855955	0.033855498	0.033575027	0.033580728	0.033577348	0.000279237	0.000279237	0.000279237
0.033856389	0.033855689	0.033855217	0.033574703	0.033580453	0.033577163	0.000279232	0.000279232	0.000279232
0.033856143	0.033855461	0.03385493	0.03357494	0.033579914	0.03357755	0.000279229	0.000279229	0.000279229
0.033855901	0.033855246	0.033854675	0.033575413	0.033579315	0.033577899	0.000279226	0.000279226	0.000279226
0.033855608	0.03385501	0.0338545	0.033575846	0.033578758	0.033577806	0.000279224	0.000279224	0.000279224
0.033855334	0.033854789	0.033854359	0.033576197	0.033578352	0.033577342	0.00027922	0.00027922	0.00027922
0.033855157	0.033854628	0.033854219	0.033576395	0.033578336	0.033576152	0.000279216	0.000279216	0.000279216
0.033855037	0.033854495	0.033854085	0.033576505	0.033578332	0.033575264	0.000279211	0.000279211	0.000279211
0.03385493	0.033854349	0.033853934	0.033576631	0.033577869	0.033575953	0.000279208	0.000279208	0.000279208
0.033854858	0.033854221	0.033853827	0.03357664	0.033577357	0.03357696	0.000279205	0.000279205	0.000279205
0.033854857	0.033854154	0.033853837	0.033576448	0.033577252	0.03357701	0.000279202	0.000279202	0.000279202
0.033854886	0.033854123	0.0338539	0.033576096	0.033577283	0.033576672	0.000279199	0.000279199	0.000279199
0.033854905	0.033854091	0.033853944	0.03357563	0.033577079	0.033576557	0.000279201	0.000279201	0.000279201
0.033854937	0.033854109	0.033854011	0.033575236	0.033576887	0.033576475	0.000279204	0.000279204	0.000279204
0.033855012	0.03385423	0.033854145	0.033574896	0.03357713	0.033576147	0.000279203	0.000279203	0.000279203
0.033855111	0.033854414	0.033854314	0.033574949	0.033577313	0.033575944	0.000279202	0.000279202	0.000279202
0.033855206	0.033854626	0.033854491	0.033575858	0.033576841	0.033576183	0.000279202	0.000279202	0.000279202
0.033855327	0.033854857	0.03385468	0.033576966	0.03357629	0.033576704	0.000279204	0.000279204	0.000279204
0.033855498	0.033855099	0.033854883	0.033577673	0.033576192	0.033577482	0.000279208	0.000279208	0.000279208
0.033855712	0.033855349	0.033855107	0.033578115	0.033576374	0.033578192	0.000279213	0.000279213	0.000279213
0.033855959	0.033855596	0.033855357	0.033578383	0.033576715	0.033578465	0.000279218	0.000279218	0.000279218
0.033856232	0.033855858	0.033855628	0.033578591	0.03357709	0.033578604	0.000279224	0.000279224	0.000279224
0.033856519	0.033856159	0.03385591	0.033578861	0.033577375	0.033578907	0.000279228	0.000279228	0.000279228
0.033856821	0.033856482	0.033856208	0.033579147	0.033577631	0.033579276	0.000279231	0.000279231	0.000279231
0.033857146	0.033856808	0.033856535	0.033579392	0.033577908	0.033579611	0.000279232	0.000279232	0.000279232
0.033857485	0.033857144	0.033856866	0.033579647	0.03357821	0.033579937	0.000279232	0.000279232	0.000279232
0.033857815	0.033857506	0.033857175	0.033579961	0.033578541	0.03358028	0.00027923	0.00027923	0.00027923
0.033858165	0.033857871	0.03385749	0.033580304	0.033578885	0.03358063	0.000279228	0.000279228	0.000279228
0.033857754	0.03385756	0.033857207	0.033579961	0.033578545	0.033580282	0.000279226	0.000279226	0.000279226
0.033857337	0.03385726	0.033856909	0.033579619	0.033578207	0.033579938	0.000279222	0.000279222	0.000279222
0.033856974	0.033856844	0.033856408	0.033579281	0.033577863	0.033579596	0.000279219	0.000279219	0.000279219
0.033856624	0.03385648	0.033856046	0.033578952	0.033577534	0.033579266	0.000279216	0.000279216	0.000279216
0.033856246	0.033856501	0.03385621	0.03357864	0.033577246	0.033578956	0.000279214	0.000279214	0.000279214
0.033855862	0.033856549	0.033856502	0.033578353	0.033576978	0.033578666	0.000279211	0.000279211	0.000279211
0.033855496	0.033856024	0.033856602	0.033578084	0.033576709	0.033578406	0.000279209	0.000279209	0.000279209
0.033855128	0.033855652	0.033856479	0.033577851	0.033576439	0.03357816	0.000279206	0.000279206	0.000279206
0.0338548	0.033856257	0.033856104	0.033577697	0.033576178	0.033577901	0.000279205	0.000279205	0.000279205
0.033854463	0.033857103	0.033855614	0.033577553	0.033575927	0.033577671	0.000279203	0.000279203	0.000279203
0.033853913	0.033857503	0.033855099	0.033577348	0.033575666	0.03357751	0.000279202	0.000279202	0.000279202
0.033853512	0.033857575	0.033854676	0.033577148	0.033575455	0.033577396	0.000279201	0.000279201	0.000279201
0.033853652	0.033857547	0.033854513	0.033576999	0.033575362	0.033577309	0.000279201	0.000279201	0.000279201
0.033853871	0.033857324	0.033854519	0.033576922	0.033575329	0.033577245	0.000279202	0.000279202	0.000279202
0.033853964	0.033856653	0.033854443	0.033576942	0.033575297	0.0335772	0.000279202	0.000279202	0.000279202
0.033853675	0.033856141	0.033854618	0.033577007	0.033575289	0.033577175	0.000279203	0.000279203	0.000279203
0.033852514	0.033856267	0.033855456	0.033577087	0.033575323	0.033577187	0.000279203	0.000279203	0.000279203
0.0338514	0.033856875	0.033856389	0.033577158	0.033575387	0.033577203	0.000279204	0.000279204	0.000279204
0.03385125	0.033857943	0.033857002	0.033577178	0.033575477	0.033577188	0.000279205	0.000279205	0.000279205
0.033851642	0.033858932	0.033857233	0.033577213	0.033575586	0.033577184	0.000279207	0.000279207	0.000279207
0.033852085	0.033859486	0.033856906	0.033577334	0.033575697	0.033577219	0.000279208	0.000279208	0.000279208
0.033852687	0.033859577	0.033856501	0.033577501	0.033575839	0.033577309	0.000279209	0.000279209	0.000279209
0.033853724	0.033858966	0.033856467	0.033577672	0.033576044	0.033577473	0.000279211	0.000279211	0.000279211
0.033854678	0.033858354	0.033856665	0.033577867	0.033576282	0.033577685	0.000279213	0.000279213	0.000279213
0.033854973	0.033858473	0.033856979	0.033578114	0.033576523	0.03357792	0.000279214	0.000279214	0.000279214
0.033855043	0.033858892	0.033857337	0.033578387	0.033576777	0.033578177	0.000279216	0.000279216	0.000279216
0.033855314	0.033859199	0.033857692	0.033578664	0.033577049	0.033578463	0.000279219	0.000279219	0.000279219
0.033855658	0.033859474	0.033858014	0.033578953	0.033577338	0.033578764	0.000279221	0.000279221	0.000279221
0.033855946	0.033859793	0.033858247	0.033579246	0.033577644	0.033579056	0.000279224	0.000279224	0.000279224
0.033856222	0.033860132	0.033858475	0.033579559	0.033577952	0.033579368	0.000279226	0.000279226	0.000279226
0.033856526	0.033860468	0.033858783	0.033579924	0.033578269	0.033579729	0.000279228	0.000279228	0.000279228
0.033856847	0.0338608	0.033859125	0.033580284	0.033578571	0.033580102	0.000279228	0.000279228	0.000279228
0.03385652	0.033860468	0.033858798	0.033579971	0.033578341	0.033579732	0.000279228	0.000279228	0.000279228
0.033856193	0.033860142	0.033858477	0.033579693	0.033578081	0.033579395	0.00027923	0.00027923	0.00027923
0.033855873	0.033859828	0.03385815	0.033579416	0.033577698	0.033579101	0.000279237	0.000279237	0.000279237
0.033855557	0.03385952	0.033857833	0.033579094	0.033577243	0.033578807	0.000279243	0.000279243	0.000279243
0.033855264	0.033859227	0.033857533	0.033578846	0.033576825	0.033578562	0.000279244	0.000279244	0.000279244
0.033854971	0.033858932	0.033857259	0.033578423	0.033576457	0.033578153	0.000279241	0.000279241	0.000279241
0.03385462	0.033858598	0.033857038	0.033577381	0.033575909	0.03357745	0.000279235	0.000279235	0.000279235
0.033854301	0.03385829	0.033856832	0.033576415	0.033575644	0.03357664	0.00027923	0.00027923	0.00027923
0.033854133	0.033858074	0.033856589	0.033576213	0.03357635	0.033575536	0.000279228	0.000279228	0.000279228
0.033854007	0.033857911	0.033856359	0.033576332	0.033577124	0.033574817	0.000279227	0.000279227	0.000279227
0.033853778	0.033857775	0.033856199	0.033576502	0.033577081	0.033575579	0.000279228	0.000279228	0.000279228
0.033853569	0.033857663	0.033856067	0.033576487	0.033576694	0.033576451	0.000279231	0.000279231	0.000279231
0.033853512	0.033857561	0.033855918	0.033575975	0.033576347	0.033575848	0.000279235	0.000279235	0.000279235
0.033853515	0.033857499	0.033855781	0.033575437	0.03357621	0.033575009	0.000279238	0.000279238	0.000279238
0.033853489	0.033857513	0.033855685	0.033575243	0.033576312	0.033575151	0.000279236	0.000279236	0.000279236
0.033853465	0.033857561	0.033855618	0.033575432	0.033576682	0.033575732	0.000279234	0.000279234	0.000279234
0.033853469	0.033857597	0.033855566	0.03357599	0.033577666	0.033576256	0.000279236	0.000279236	0.000279236
0.033853502	0.033857645	0.033855546	0.033576711	0.0335785	0.033576682	0.000279239	0.000279239	0.000279239
0.033853569	0.033857739	0.033855576	0.03357767	0.033578184	0.033577051	0.000279239	0.000279239	0.000279239
0.033853667	0.033857852	0.033855652	0.03357828	0.033577723	0.033577233	0.00027924	0.00027924	0.00027924
0.033853786	0.033857956	0.033855762	0.033577814	0.03357818	0.033577064	0.000279248	0.000279248	0.000279248
0.033853945	0.033858076	0.033855915	0.033577092	0.033578917	0.033576808	0.000279256	0.000279256	0.000279256
0.033854176	0.033858228	0.033856126	0.033576872	0.033579345	0.03357668	0.000279262	0.000279262	0.000279262
0.033854437	0.03385842	0.033856368	0.033576967	0.033579606	0.033576703	0.000279264	0.000279264	0.000279264
0.03385468	0.033858662	0.033856617	0.033577233	0.033579788	0.03357692	0.000279265	0.000279265	0.000279265
0.033854931	0.033858933	0.03385688	0.033577567	0.033579993	0.03357722	0.000279266	0.000279266	0.000279266
0.033855216	0.033859216	0.033857164	0.033577871	0.033580348	0.033577505	0.000279267	0.000279267	0.000279267
0.033855525	0.03385951	0.033857465	0.033578172	0.033580734	0.033577785	0.00027927	0.00027927	0.00027927
0.033855825	0.033859809	0.033857787	0.033578497	0.033581021	0.03357806	0.000279271	0.000279271	0.000279271
0.033856139	0.033860127	0.03385811	0.033578834	0.033581289	0.033578347	0.000279273	0.000279273	0.000279273
0.033856522	0.033860488	0.033858413	0.033579171	0.033581615	0.033578667	0.000279277	0.000279277	0.000279277
0.033856885	0.033860854	0.033858708	0.033579505	0.033581964	0.033579	0.000279281	0.000279281	0.000279281
0.033856651	0.033860493	0.033858378	0.033579179	0.033581623	0.033578671	0.000279278	0.000279278	0.000279278
0.03385644	0.033860134	0.03385805	0.033578855	0.03358129	0.033578347	0.000279276	0.000279276	0.000279276
0.033856164	0.033859872	0.033857827	0.033578526	0.033580968	0.03357803	0.000279274	0.000279274	0.000279274
0.03385583	0.033859543	0.033857525	0.033578203	0.033580652	0.033577715	0.000279272	0.000279272	0.000279272
0.033855498	0.033858799	0.033857046	0.03357789	0.033580348	0.033577407	0.000279269	0.000279269	0.000279269
0.033855162	0.033858103	0.033856488	0.033577594	0.03358005	0.033577107	0.000279267	0.000279267	0.000279267
0.033854703	0.033858068	0.033855664	0.033577333	0.033579735	0.033576799	0.000279264	0.000279264	0.000279264
0.033854443	0.03385803	0.033855174	0.033577086	0.033579454	0.033576525	0.000279262	0.000279262	0.000279262
0.033854677	0.033857426	0.033855742	0.033576814	0.033579252	0.033576337	0.00027926	0.00027926	0.00027926
0.033855162	0.033856511	0.033856507	0.033576576	0.0335791	0.033576181	0.000279258	0.000279258	0.000279258
0.033855787	0.033855306	0.033856841	0.03357643	0.033578989	0.033576011	0.000279256	0.000279256	0.000279256
0.033856257	0.033854371	0.03385673	0.033576338	0.033578877	0.033575846	0.000279255	0.000279255	0.000279255
0.033856291	0.03385429	0.0338558	0.033576273	0.033578716	0.033575691	0.000279253	0.000279253	0.000279253
0.033856133	0.033854535	0.033854973	0.033576213	0.03357856	0.033575575	0.000279252	0.000279252	0.000279252
0.033855895	0.033854744	0.033855424	0.033576135	0.033578457	0.033575533	0.000279251	0.000279251	0.000279251
0.033855808	0.033854702	0.033856062	0.033576066	0.033578397	0.033575533	0.00027925	0.00027925	0.00027925
0.033856146	0.033854211	0.033855721	0.033576032	0.03357838	0.033575543	0.00027925	0.00027925	0.00027925
0.033856549	0.033853588	0.033855127	0.033576039	0.033578386	0.03357558	0.000279251	0.000279251	0.000279251
0.03385682	0.033852995	0.033854946	0.033576087	0.0335784	0.033575657	0.000279251	0.000279251	0.000279251
0.033856849	0.033852779	0.033854965	0.033576188	0.033578436	0.033575772	0.000279252	0.000279252	0.000279252
0.033856322	0.033853213	0.033855129	0.033576356	0.033578492	0.033575937	0.000279253	0.000279253	0.000279253
0.033855871	0.033854054	0.033855183	0.033576562	0.0335786	0.033576122	0.000279255	0.000279255	0.000279255
0.033856189	0.03385527	0.033854737	0.033576783	0.033578802	0.033576293	0.000279256	0.000279256	0.000279256
0.033856774	0.033856328	0.033854299	0.033577014	0.033579047	0.033576477	0.000279258	0.000279258	0.000279258
0.033857133	0.033856643	0.033854418	0.033577245	0.033579286	0.033576705	0.00027926	0.00027926	0.00027926
0.033857411	0.033856678	0.033854753	0.033577492	0.033579534	0.033576962	0.000279262	0.000279262	0.000279262
0.033857759	0.033856866	0.033854951	0.033577762	0.033579804	0.03357723	0.000279263	0.000279263	0.000279263
0.033858118	0.033857137	0.033855146	0.033578052	0.033580095	0.033577516	0.000279265	0.000279265	0.000279265
0.033858423	0.033857426	0.033855488	0.033578372	0.033580404	0.033577829	0.000279267	0.000279267	0.000279267
0.033858719	0.033857732	0.033855873	0.033578697	0.033580725	0.033578147	0.00027927	0.00027927	0.00027927
0.03385905	0.033858052	0.033856198	0.033578982	0.033581046	0.033578447	0.000279273	0.000279273	0.000279273
0.03808426	0.03808515	0.038082436	0.037769541	0.037773568	0.037769997	0.000313901	0.000313901	0.000313901
0.051603414	0.051610163	0.051604772	0.051178477	0.051188237	0.0511821	0.000424141	0.000424141	0.000424141
0.07105201	0.071067215	0.071057965	0.070468435	0.070486576	0.07047663	0.000582786	0.000582786	0.000582786
0.169594727	0.169652388	0.169623769	0.16820653	0.168267159	0.168237846	0.001387387	0.001387387	0.001387387
0.203572656	0.203644899	0.203609628	0.201907063	0.201982301	0.201946275	0.00166481	0.00166481	0.00166481
0.592167522	0.592407259	0.59229557	0.587329161	0.58757202	0.587459443	0.004837542	0.004837542	0.004837542
0.910496696 0.910874193 0.910699633 0.903059379 0.903440008 0.903264542 0.007436537 0.007436537 0.007436537