0.000279103
0.000279101
0.000279099
0.000279097
0.000279095
0.000279092
0.00027909
0.000279087
0.000279086
0.000279085
0.000279084
0.000279084
0.000279083
0.000279082
0.000279083
0.000490458
0.001188096
0.002949506
0.010340678
0.014650713
0.049144048
0.068649426
0.138413137
0.214266948
0.219355907
0.253351729
0.267531455
0.27131351
0.273039469
0.27376558
0.274448073
0.275080239
0.275656071
0.276169933
0.276616981
0.276992732
0.277293347
0.27751622
0.277659622
0.277721768
0.277729839
0.277819157
0.277988679
0.278236732
0.278561061
0.278958342
0.279424599
0.27995558
0.280546575
0.281191645
0.281884486
0.282618349
0.283386479
0.284181035
0.284993968
0.28581802
0.286646016
0.287469507
0.288280511
0.289070815
0.289832418
0.290558537
0.291241739
0.291874749
0.29245102
0.292965192
0.293412546
0.293788796
0.294090473
0.294314443
0.294458341
0.294520911
0.294528119
0.294616381
0.294784894
0.295032001
0.295355381
0.295751855
0.296217671
0.296536888
0.296429588
0.295312487
0.288613493
0.285036734
0.251310817
0.232599497
0.163648949
0.088619462
0.084358156
0.051185237
0.037815848
0.034823656
0.03385958
0.033859938
0.033860328
0.03386072
0.033861101
0.033861497
0.033861848
0.033862302
0.033863126