0.000279103
0.000279101
0.000279099
0.000279097
0.000279095
0.000279092
0.00027909
0.000279087
0.000279086
0.000279085
0.000279084
0.000279084
0.000279083
0.000279082
0.000279083
0.000279084
0.000279084
0.000279085
0.000279086
0.000279088
0.00027909
0.000279092
0.000279094
0.001140163
0.003805459
0.009403287
0.034210767
0.04624914
0.154501319
0.222845058
0.401439288
0.612037602
0.636493867
0.686863383
0.709385475
0.716347574
0.718405147
0.71862844
0.718771841
0.718833825
0.718842044
0.718931374
0.719100639
0.719348329
0.719672329
0.720069372
0.720535498
0.721066497
0.721657668
0.722302969
0.722996205
0.72373028
0.72449784
0.725291836
0.726105147
0.726929736
0.727757697
0.728580888
0.72939147
0.730181483
0.730943339
0.731669738
0.732352646
0.732985259
0.73356151
0.734075783
0.734523166
0.734899342
0.735200754
0.735424461
0.735568309
0.735630901
0.735638149
0.73572647
0.735895022
0.736142157
0.736465561
0.736862058
0.7373279
0.73785852
0.738448887
0.739093227
0.739785442
0.740518744
0.741286152
0.742080198
0.742893372
0.742856655
0.741019058
0.736244177
0.712247056
0.700998559
0.593508284
0.525891038
0.347979718
0.138013988
0.11413396
0.064278721
0.042204041
0.035618152
0.033862009