0.000279308
0.000279308
0.000279313
0.000279318
0.000279316
0.000279311
0.000279309
0.00027931
0.000279312
0.000279315
0.000279322
0.000279327
0.000279327
0.000279326
0.000279329
0.000279332
0.000279334
0.000279336
0.000279338
0.000279335
0.000279332
0.000279329
0.000279327
0.001134406
0.003806233
0.00940938
0.034207552
0.046235677
0.154489289
0.222833114
0.401416169
0.612004146
0.636450989
0.686820521
0.709342614
0.716304732
0.718362385
0.718582012
0.7187231
0.718784266
0.718791967
0.718880761
0.719049817
0.71929747
0.719621387
0.720018383
0.720484714
0.721015781
0.721606519
0.722251198
0.722943757
0.723676599
0.724442246
0.725233196
0.726041922
0.726860547
0.72768133
0.728496236
0.729297504
0.730077333
0.730828334
0.731543179
0.732215063
0.732837446
0.733404411
0.73391043
0.734350685
0.734720881
0.735017473
0.7352376
0.735379174
0.735440822
0.735448029
0.735536317
0.735704866
0.735952
0.736275374
0.736671836
0.737137661
0.737668272
0.738258637
0.738902971
0.739595181
0.740327696
0.741092933
0.741883579
0.742692467
0.742656133
0.740804553
0.736015661
0.712018538
0.700770185
0.593267423
0.525638248
0.347726877
0.137761089
0.113881043
0.064017374
0.041935369
0.035343301
0.033582155