0.000279205
0.000279208
0.000279211
0.000279214
0.000279216
0.000279218
0.000279223
0.000279227
0.000279225
0.000279224
0.000279218
0.000279212
0.000279212
0.000279214
0.000279211
0.000279209
0.000279214
0.00027922
0.000279222
0.000279223
0.000279224
0.000279225
0.000279224
0.000279221
0.000279212
0.000279204
0.000279207
0.000279214
0.000279219
0.000279223
0.000279229
0.000279233
0.000279234
0.000279234
0.000279236
0.000279241
0.000279248
0.000279255
0.000279258
0.000279259
0.000279257
0.000279254
0.000279251
0.000279248
0.000279245
0.000279243
0.00027924
0.000279238
0.000279236
0.000279235
0.000279234
0.000279233
0.000279232
0.000279231
0.00027923
0.00027923
0.00027923
0.000279231
0.000279231
0.000279231
0.000279232
0.000279234
0.000279235
0.000279236
0.000279238
0.00027924
0.000279241
0.000279243
0.000279247
0.00027925
0.000279248
0.000279246
0.000279241
0.000279234
0.000279234
0.000279237
0.000279231
0.000279227
0.000279234
0.000279242
0.000279237
0.000279228
0.000279222
0.000279217
0.00027921
0.000279205
0.000279206
0.000279212
0.000279221
0.000279229
0.000279231
0.000279231
0.000279232
0.000279234
0.000279234
0.000279235
0.000279244
0.000279253
0.000279256
0.000279255
0.000279255