0.000279103
0.000279101
0.000279099
0.000279097
0.000279095
0.000279092
0.00027909
0.001446783
0.005105269
0.013199551
0.048464311
0.066601057
0.223638053
0.319568033
0.596828022
0.914705232
0.931955031
1.030404329
1.07298058
1.085291606
1.089790285
1.090584372
1.091397532
1.092221819
1.093049407
1.093872214
1.094682424
1.095472129
1.096233822
1.096960073
1.097642715
1.09827501
1.098850938
1.099364891
1.099811977
1.100187845
1.100488886
1.100712206
1.100855696
1.100917889
1.10092556
1.101014479
1.101183949
1.101432102
1.101756526
1.10215385
1.102620041
1.103150883
1.103741743
1.104386592
1.105079047
1.105812492
1.106580197
1.107374514
1.1081876
1.109011897
1.109840086
1.110663518
1.111473907
1.112263559
1.113024912
1.113751111
1.114434673
1.115068108
1.115644767
1.11615911
1.11660619
1.116982027
1.117283421
1.117507217
1.117651055
1.11654591
1.112894677
1.104888717
1.069792538
1.051902969
0.895189416
0.79965597
0.522861854
0.205515291
0.188855896
0.091050969
0.049166923
0.0375892
0.033858
0.033858049
0.033858135
0.033858249
0.03385839
0.033858545
0.03385869
0.033858859
0.033859087
0.033859355
0.033859645
0.033859956
0.03386029
0.03386064
0.033860999
0.033861365
0.033861754