0.000279308
0.000279308
0.000279313
0.000279318
0.000279316
0.000279311
0.000279309
0.001446031
0.005104521
0.013198808
0.0484666
0.066607672
0.223644676
0.319574661
0.59684259
0.914728801
0.931988502
1.030437845
1.073014076
1.085324244
1.089820753
1.090611364
1.091419762
1.092238052
1.09305845
1.093872977
1.094673926
1.095453443
1.096204103
1.096918553
1.097589945
1.098211808
1.098778296
1.09928385
1.099723613
1.100093319
1.100389453
1.10060913
1.100750243
1.100811421
1.100819113
1.100907887
1.101076902
1.101324494
1.101648337
1.102045257
1.102511496
1.103042506
1.103633276
1.104278012
1.104970603
1.105703435
1.106468995
1.107259837
1.108068495
1.10888706
1.109707753
1.110522571
1.111323779
1.112103564
1.112854529
1.113569333
1.114241152
1.114863466
1.115430391
1.115936368
1.116376534
1.116746638
1.117043183
1.11726328
1.117404812
1.116299696
1.112648442
1.104642478
1.0695433
1.051649436
0.894935873
0.799402409
0.522600353
0.20524479
0.188575492
0.090770547
0.048886511
0.037308934
0.033578211
0.033578684
0.033578837
0.033578734
0.033578347
0.033577984
0.033577956
0.033578106
0.033578267
0.03357849
0.033578849
0.033579254
0.033579601
0.033579948
0.033580358
0.033580786
0.033581183