0.000279308
0.000279308
0.000279313
0.000279318
0.000279316
0.000279311
0.000279309
0.00027931
0.000279312
0.000279315
0.000279322
0.000279327
0.000279327
0.000279326
0.000279329
0.000499672
0.001197312
0.002958724
0.010361492
0.014682965
0.049174145
0.068676053
0.13844852
0.214310012
0.2193918
0.253379343
0.267549756
0.271321566
0.273036453
0.273750764
0.274422106
0.275043931
0.275610322
0.276115758
0.276555411
0.276925018
0.277221078
0.277440677
0.277581665
0.27764272
0.277650488
0.277739314
0.27790836
0.278156001
0.278479952
0.278876993
0.279343339
0.279874422
0.28046521
0.281109955
0.281802573
0.282535478
0.28330121
0.284092245
0.28490102
0.28571969
0.286540546
0.287355527
0.288156849
0.288936711
0.289687714
0.29040255
0.291074447
0.29169683
0.292263746
0.292769708
0.293209925
0.293580112
0.293876735
0.294096906
0.294238506
0.294300175
0.294307356
0.294395618
0.294564135
0.294811254
0.295134651
0.295531151
0.295997018
0.296307311
0.296200013
0.295082887
0.288372252
0.284783192
0.251057234
0.232345892
0.16338187
0.088338739
0.084077375
0.050904383
0.037534984
0.034542797
0.033578708
0.03357903
0.033579335
0.033579658
0.033580029
0.033580436
0.03358088
0.033581337
0.033581771